74 0 clueweb09-en0000-02-06187 0
74 0 clueweb09-en0000-05-10978 0
74 0 clueweb09-en0000-05-10983 0
74 0 clueweb09-en0000-10-39495 1
74 0 clueweb09-en0000-26-08058 0
74 0 clueweb09-en0000-39-21041 2
74 0 clueweb09-en0000-52-15644 0
74 0 clueweb09-en0000-55-17046 0
74 0 clueweb09-en0000-68-01365 0
74 0 clueweb09-en0000-73-04555 0
74 0 clueweb09-en0000-77-10490 0
74 0 clueweb09-en0000-81-26429 0
74 0 clueweb09-en0000-93-01103 0
74 0 clueweb09-en0000-96-18833 0
74 0 clueweb09-en0000-98-10994 0
74 0 clueweb09-en0000-98-11073 1
74 0 clueweb09-en0001-01-27329 0
74 0 clueweb09-en0001-02-00845 0
74 0 clueweb09-en0001-04-23829 0
74 0 clueweb09-en0001-15-24818 0
74 0 clueweb09-en0001-16-11395 0
74 0 clueweb09-en0001-23-10238 0
74 0 clueweb09-en0001-39-14898 0
74 0 clueweb09-en0001-49-06714 0
74 0 clueweb09-en0001-54-07620 0
74 0 clueweb09-en0001-62-21127 0
74 0 clueweb09-en0001-63-30558 0
74 0 clueweb09-en0001-65-30045 -2
74 0 clueweb09-en0001-83-16785 2
74 0 clueweb09-en0001-87-25046 0
74 0 clueweb09-en0001-89-06160 0
74 0 clueweb09-en0002-00-00514 0
74 0 clueweb09-en0002-16-15616 0
74 0 clueweb09-en0002-18-10512 0
74 0 clueweb09-en0002-18-20815 0
74 0 clueweb09-en0002-23-15151 0
74 0 clueweb09-en0002-25-18156 0
74 0 clueweb09-en0002-44-24469 0
74 0 clueweb09-en0002-46-09894 0
74 0 clueweb09-en0002-46-09895 0
74 0 clueweb09-en0002-46-09899 0
74 0 clueweb09-en0002-46-09901 0
74 0 clueweb09-en0002-46-09902 0
74 0 clueweb09-en0002-46-09961 0
74 0 clueweb09-en0002-47-20844 0
74 0 clueweb09-en0002-52-22360 0
74 0 clueweb09-en0002-52-22524 0
74 0 clueweb09-en0002-52-22618 0
74 0 clueweb09-en0002-53-21357 0
74 0 clueweb09-en0002-64-18338 0
74 0 clueweb09-en0002-67-08827 0
74 0 clueweb09-en0002-73-10880 0
74 0 clueweb09-en0002-73-10881 0
74 0 clueweb09-en0002-79-02285 0
74 0 clueweb09-en0002-80-35778 0
74 0 clueweb09-en0002-81-24001 -2
74 0 clueweb09-en0002-83-20774 2
74 0 clueweb09-en0002-98-05196 1
74 0 clueweb09-en0003-00-15136 0
74 0 clueweb09-en0003-01-21108 0
74 0 clueweb09-en0003-02-12910 -2
74 0 clueweb09-en0003-05-02868 0
74 0 clueweb09-en0003-06-02108 0
74 0 clueweb09-en0003-18-24198 0
74 0 clueweb09-en0003-18-24199 0
74 0 clueweb09-en0003-23-08477 0
74 0 clueweb09-en0003-31-09910 -2
74 0 clueweb09-en0003-34-09080 0
74 0 clueweb09-en0003-36-22168 1
74 0 clueweb09-en0003-36-22169 1
74 0 clueweb09-en0003-36-22171 1
74 0 clueweb09-en0003-37-27489 0
74 0 clueweb09-en0003-49-26153 0
74 0 clueweb09-en0003-65-25773 0
74 0 clueweb09-en0003-71-04627 0
74 0 clueweb09-en0003-79-11077 -2
74 0 clueweb09-en0003-82-03073 0
74 0 clueweb09-en0003-92-08067 0
74 0 clueweb09-en0003-96-09058 1
74 0 clueweb09-en0003-96-21727 0
74 0 clueweb09-en0003-99-11177 0
74 0 clueweb09-en0003-99-11224 0
74 0 clueweb09-en0003-99-11384 -2
74 0 clueweb09-en0004-09-02298 0
74 0 clueweb09-en0004-28-30922 0
74 0 clueweb09-en0004-39-16435 0
74 0 clueweb09-en0004-39-16436 0
74 0 clueweb09-en0004-39-16437 0
74 0 clueweb09-en0004-39-16438 0
74 0 clueweb09-en0004-39-16439 0
74 0 clueweb09-en0004-39-16441 0
74 0 clueweb09-en0004-39-16443 0
74 0 clueweb09-en0004-39-16456 0
74 0 clueweb09-en0004-39-16486 0
74 0 clueweb09-en0004-39-16489 0
74 0 clueweb09-en0004-39-16490 0
74 0 clueweb09-en0004-39-16491 0
74 0 clueweb09-en0004-39-16492 0
74 0 clueweb09-en0004-39-16493 0
74 0 clueweb09-en0004-39-16494 0
74 0 clueweb09-en0004-39-16497 0
74 0 clueweb09-en0004-39-16500 0
74 0 clueweb09-en0004-39-16503 0
74 0 clueweb09-en0004-39-16504 0
74 0 clueweb09-en0004-39-16505 0
74 0 clueweb09-en0004-52-28399 0
74 0 clueweb09-en0004-59-06364 0
74 0 clueweb09-en0004-71-09207 1
74 0 clueweb09-en0004-90-15166 0
74 0 clueweb09-en0005-04-07983 0
74 0 clueweb09-en0005-04-07985 0
74 0 clueweb09-en0005-04-07990 0
74 0 clueweb09-en0005-04-10824 0
74 0 clueweb09-en0005-13-23738 0
74 0 clueweb09-en0005-30-07823 0
74 0 clueweb09-en0005-31-06506 0
74 0 clueweb09-en0005-43-20270 2
74 0 clueweb09-en0005-55-30129 0
74 0 clueweb09-en0005-60-12311 0
74 0 clueweb09-en0005-60-12348 0
74 0 clueweb09-en0005-60-12349 0
74 0 clueweb09-en0005-67-30797 1
74 0 clueweb09-en0005-71-16530 0
74 0 clueweb09-en0005-72-29336 0
74 0 clueweb09-en0005-94-02230 0
74 0 clueweb09-en0005-96-20832 0
74 0 clueweb09-en0006-10-09713 0
74 0 clueweb09-en0006-12-15152 0
74 0 clueweb09-en0006-16-06531 1
74 0 clueweb09-en0006-43-23807 0
74 0 clueweb09-en0006-43-23811 0
74 0 clueweb09-en0006-49-14729 2
74 0 clueweb09-en0006-51-24232 0
74 0 clueweb09-en0007-12-06931 0
74 0 clueweb09-en0007-12-06951 0
74 0 clueweb09-en0007-13-18242 0
74 0 clueweb09-en0007-16-32005 0
74 0 clueweb09-en0007-42-39104 1
74 0 clueweb09-en0007-54-23484 0
74 0 clueweb09-en0007-54-23503 0
74 0 clueweb09-en0007-54-23521 0
74 0 clueweb09-en0007-54-38174 0
74 0 clueweb09-en0007-62-23924 0
74 0 clueweb09-en0007-88-26891 0
74 0 clueweb09-en0007-88-26893 0
74 0 clueweb09-en0007-88-26894 0
74 0 clueweb09-en0008-04-12600 0
74 0 clueweb09-en0008-07-15013 0
74 0 clueweb09-en0008-12-25012 0
74 0 clueweb09-en0008-13-12213 0
74 0 clueweb09-en0008-13-12214 0
74 0 clueweb09-en0008-14-32093 0
74 0 clueweb09-en0008-14-32094 0
74 0 clueweb09-en0008-23-24573 0
74 0 clueweb09-en0008-30-16909 0
74 0 clueweb09-en0008-30-16910 0
74 0 clueweb09-en0008-30-16915 0
74 0 clueweb09-en0008-33-06595 0
74 0 clueweb09-en0008-33-06619 0
74 0 clueweb09-en0008-33-06645 0
74 0 clueweb09-en0008-35-18052 1
74 0 clueweb09-en0008-36-17630 0
74 0 clueweb09-en0008-36-17633 0
74 0 clueweb09-en0008-38-39988 0
74 0 clueweb09-en0008-43-20388 0
74 0 clueweb09-en0008-46-33729 0
74 0 clueweb09-en0008-54-27678 0
74 0 clueweb09-en0008-55-17244 0
74 0 clueweb09-en0008-67-34735 0
74 0 clueweb09-en0008-67-34792 0
74 0 clueweb09-en0008-79-29117 0
74 0 clueweb09-en0008-81-33548 0
74 0 clueweb09-en0008-87-29186 0
74 0 clueweb09-en0008-96-36018 0
74 0 clueweb09-en0008-96-36019 0
74 0 clueweb09-en0009-00-38001 0
74 0 clueweb09-en0009-01-27115 0
74 0 clueweb09-en0009-03-22575 0
74 0 clueweb09-en0009-21-14332 0
74 0 clueweb09-en0009-23-33784 0
74 0 clueweb09-en0009-23-33800 0
74 0 clueweb09-en0009-26-16427 0
74 0 clueweb09-en0009-26-22496 0
74 0 clueweb09-en0009-28-20723 0
74 0 clueweb09-en0009-31-27146 -2
74 0 clueweb09-en0009-36-30765 0
74 0 clueweb09-en0009-37-10982 2
74 0 clueweb09-en0009-37-36611 0
74 0 clueweb09-en0009-37-36640 0
74 0 clueweb09-en0009-50-40915 0
74 0 clueweb09-en0009-64-33613 0
74 0 clueweb09-en0009-64-33615 0
74 0 clueweb09-en0009-74-37160 0
74 0 clueweb09-en0009-77-28701 0
74 0 clueweb09-en0009-77-28736 0
74 0 clueweb09-en0009-77-28741 0
74 0 clueweb09-en0009-77-28751 0
74 0 clueweb09-en0009-85-41327 0
74 0 clueweb09-en0009-88-13703 0
74 0 clueweb09-en0009-88-13704 0
74 0 clueweb09-en0009-91-22245 0
74 0 clueweb09-en0009-93-37253 0
74 0 clueweb09-en0009-93-37259 0
74 0 clueweb09-en0009-93-37262 0
74 0 clueweb09-en0009-93-37263 0
74 0 clueweb09-en0009-93-37270 0
74 0 clueweb09-en0009-95-32118 0
74 0 clueweb09-en0010-07-23432 0
74 0 clueweb09-en0010-07-23433 0
74 0 clueweb09-en0010-07-23434 0
74 0 clueweb09-en0010-07-23442 0
74 0 clueweb09-en0010-07-23463 0
74 0 clueweb09-en0010-07-23509 0
74 0 clueweb09-en0010-07-23510 0
74 0 clueweb09-en0010-07-23511 0
74 0 clueweb09-en0010-07-23512 1
74 0 clueweb09-en0010-27-17677 0
74 0 clueweb09-en0010-32-15145 0
74 0 clueweb09-en0010-34-43290 0
74 0 clueweb09-en0010-41-34933 0
74 0 clueweb09-en0010-51-24313 0
74 0 clueweb09-en0010-62-29724 0
74 0 clueweb09-en0010-70-28042 2
74 0 clueweb09-en0010-83-17067 0
74 0 clueweb09-en0010-91-40682 0
74 0 clueweb09-en0010-95-29996 1
74 0 clueweb09-en0010-96-10839 0
74 0 clueweb09-en0011-05-28946 0
74 0 clueweb09-en0011-11-06108 0
74 0 clueweb09-en0011-13-38888 0
74 0 clueweb09-en0011-19-24376 0
74 0 clueweb09-en0011-19-24379 0
74 0 clueweb09-en0011-19-24386 0
74 0 clueweb09-en0011-19-24408 0
74 0 clueweb09-en0011-19-24409 0
74 0 clueweb09-en0011-19-24455 0
74 0 clueweb09-en0011-19-25658 0
74 0 clueweb09-en0011-20-16232 0
74 0 clueweb09-en0011-21-29233 1
74 0 clueweb09-en0011-77-04971 0
74 0 clueweb09-en0011-77-04974 0
74 0 clueweb09-en0011-77-04983 0
74 0 clueweb09-en0011-85-01506 1
74 0 clueweb09-en0011-99-06900 0
74 0 clueweb09-enwp00-04-20318 0
74 0 clueweb09-enwp00-08-12244 0
74 0 clueweb09-enwp00-08-20126 0
74 0 clueweb09-enwp00-14-20334 0
74 0 clueweb09-enwp00-14-20335 0
74 0 clueweb09-enwp00-16-14886 0
74 0 clueweb09-enwp00-16-20121 0
74 0 clueweb09-enwp00-34-17055 0
74 0 clueweb09-enwp00-37-18323 0
74 0 clueweb09-enwp00-73-23333 0
74 0 clueweb09-enwp00-82-04506 0
74 0 clueweb09-enwp00-82-05999 0
74 0 clueweb09-enwp00-84-04868 0
74 0 clueweb09-enwp00-91-15411 0
74 0 clueweb09-enwp00-97-15102 0
74 0 clueweb09-enwp00-99-16684 0
74 0 clueweb09-enwp00-99-16685 0
74 0 clueweb09-enwp01-00-17020 0
74 0 clueweb09-enwp01-00-17021 0
74 0 clueweb09-enwp01-02-16975 0
74 0 clueweb09-enwp01-04-17619 0
74 0 clueweb09-enwp01-04-17622 0
74 0 clueweb09-enwp01-05-17181 0
74 0 clueweb09-enwp01-05-17182 0
74 0 clueweb09-enwp01-06-11784 0
74 0 clueweb09-enwp01-06-17698 0
74 0 clueweb09-enwp01-07-18165 0
74 0 clueweb09-enwp01-08-16612 0
74 0 clueweb09-enwp01-11-17091 0
74 0 clueweb09-enwp01-11-17096 0
74 0 clueweb09-enwp01-13-17521 0
74 0 clueweb09-enwp01-16-17077 0
74 0 clueweb09-enwp01-19-16401 0
74 0 clueweb09-enwp01-40-18622 0
74 0 clueweb09-enwp01-43-09415 0
74 0 clueweb09-enwp01-46-11712 0
74 0 clueweb09-enwp01-48-09674 0
74 0 clueweb09-enwp01-57-08659 0
74 0 clueweb09-enwp01-60-10165 0
74 0 clueweb09-enwp01-72-17518 0
74 0 clueweb09-enwp01-74-17204 0
74 0 clueweb09-enwp01-74-17205 0
74 0 clueweb09-enwp01-74-17207 0
74 0 clueweb09-enwp01-76-17829 0
74 0 clueweb09-enwp01-76-17831 0
74 0 clueweb09-enwp01-76-17933 0
74 0 clueweb09-enwp01-82-18921 0
74 0 clueweb09-enwp01-85-00814 0
74 0 clueweb09-enwp01-85-12233 0
74 0 clueweb09-enwp01-85-19333 0
74 0 clueweb09-enwp01-92-00164 0
74 0 clueweb09-enwp01-93-04515 0
74 0 clueweb09-enwp01-94-01949 0
74 0 clueweb09-enwp01-95-08475 0
74 0 clueweb09-enwp01-95-14485 0
74 0 clueweb09-enwp01-95-17709 0
74 0 clueweb09-enwp01-95-17834 0
74 0 clueweb09-enwp01-96-18007 0
74 0 clueweb09-enwp01-96-18173 0
74 0 clueweb09-enwp02-00-00011 0
74 0 clueweb09-enwp02-00-17479 0
74 0 clueweb09-enwp02-00-18724 0
74 0 clueweb09-enwp02-00-18759 0
74 0 clueweb09-enwp02-00-18947 0
74 0 clueweb09-enwp02-03-17382 0
74 0 clueweb09-enwp02-04-16303 0
74 0 clueweb09-enwp02-06-10636 0
74 0 clueweb09-enwp03-10-01456 0
74 0 clueweb09-enwp03-19-14595 0
74 0 clueweb09-enwp03-27-01517 0
125 0 clueweb09-en0000-02-34831 0
125 0 clueweb09-en0000-18-10150 0
125 0 clueweb09-en0000-27-29320 0
125 0 clueweb09-en0000-27-29321 0
125 0 clueweb09-en0000-27-29322 0
125 0 clueweb09-en0000-43-04448 -2
125 0 clueweb09-en0000-60-09292 -2
125 0 clueweb09-en0000-72-27872 0
125 0 clueweb09-en0000-72-28546 0
125 0 clueweb09-en0000-72-28619 0
125 0 clueweb09-en0000-74-23272 -2
125 0 clueweb09-en0000-79-06309 0
125 0 clueweb09-en0000-94-34002 0
125 0 clueweb09-en0001-04-09255 0
125 0 clueweb09-en0001-09-27409 0
125 0 clueweb09-en0001-10-17950 1
125 0 clueweb09-en0001-12-12423 -2
125 0 clueweb09-en0001-33-19592 0
125 0 clueweb09-en0001-40-15268 -2
125 0 clueweb09-en0001-47-11535 1
125 0 clueweb09-en0001-63-19567 0
125 0 clueweb09-en0001-63-34163 1
125 0 clueweb09-en0001-64-14941 0
125 0 clueweb09-en0001-99-04234 0
125 0 clueweb09-en0001-99-04235 0
125 0 clueweb09-en0002-05-26026 0
125 0 clueweb09-en0002-16-00222 0
125 0 clueweb09-en0002-16-14064 1
125 0 clueweb09-en0002-16-14136 0
125 0 clueweb09-en0002-16-14186 0
125 0 clueweb09-en0002-22-24133 0
125 0 clueweb09-en0002-37-26078 0
125 0 clueweb09-en0003-04-11826 1
125 0 clueweb09-en0003-23-08484 0
125 0 clueweb09-en0003-57-02804 0
125 0 clueweb09-en0003-71-12655 0
125 0 clueweb09-en0003-81-11423 -2
125 0 clueweb09-en0003-82-29166 0
125 0 clueweb09-en0003-96-03505 0
125 0 clueweb09-en0004-26-21681 0
125 0 clueweb09-en0004-29-25046 0
125 0 clueweb09-en0004-36-26667 0
125 0 clueweb09-en0004-43-08457 0
125 0 clueweb09-en0004-45-07945 0
125 0 clueweb09-en0004-49-31158 0
125 0 clueweb09-en0004-49-31159 0
125 0 clueweb09-en0004-52-34658 0
125 0 clueweb09-en0004-52-34843 1
125 0 clueweb09-en0004-66-22758 0
125 0 clueweb09-en0004-69-19170 -2
125 0 clueweb09-en0004-89-14660 0
125 0 clueweb09-en0004-95-07273 0
125 0 clueweb09-en0004-95-07299 0
125 0 clueweb09-en0005-13-38764 0
125 0 clueweb09-en0005-26-21412 0
125 0 clueweb09-en0005-27-22745 1
125 0 clueweb09-en0005-27-22769 0
125 0 clueweb09-en0005-33-02185 -2
125 0 clueweb09-en0005-33-32164 0
125 0 clueweb09-en0005-56-19545 0
125 0 clueweb09-en0005-77-12562 1
125 0 clueweb09-en0005-81-22636 0
125 0 clueweb09-en0005-90-19002 0
125 0 clueweb09-en0006-04-24834 0
125 0 clueweb09-en0006-14-37067 0
125 0 clueweb09-en0006-33-16711 1
125 0 clueweb09-en0006-50-08522 0
125 0 clueweb09-en0006-51-24643 0
125 0 clueweb09-en0006-57-18066 0
125 0 clueweb09-en0006-61-23034 1
125 0 clueweb09-en0006-62-24318 0
125 0 clueweb09-en0006-80-07264 0
125 0 clueweb09-en0006-90-29606 1
125 0 clueweb09-en0006-90-29607 0
125 0 clueweb09-en0006-90-29687 1
125 0 clueweb09-en0007-01-12074 0
125 0 clueweb09-en0007-05-22085 0
125 0 clueweb09-en0007-26-22896 0
125 0 clueweb09-en0007-51-29961 0
125 0 clueweb09-en0007-59-32863 0
125 0 clueweb09-en0007-65-17512 0
125 0 clueweb09-en0007-66-23374 0
125 0 clueweb09-en0007-73-20204 1
125 0 clueweb09-en0008-15-02386 0
125 0 clueweb09-en0008-19-21946 0
125 0 clueweb09-en0008-19-21951 0
125 0 clueweb09-en0008-27-23082 0
125 0 clueweb09-en0008-35-45035 1
125 0 clueweb09-en0008-35-45166 1
125 0 clueweb09-en0008-42-23156 0
125 0 clueweb09-en0008-43-25407 1
125 0 clueweb09-en0008-45-09229 0
125 0 clueweb09-en0008-53-31139 0
125 0 clueweb09-en0008-53-31246 0
125 0 clueweb09-en0008-53-32134 0
125 0 clueweb09-en0008-64-07621 0
125 0 clueweb09-en0008-67-35850 0
125 0 clueweb09-en0008-82-04995 0
125 0 clueweb09-en0008-84-25906 0
125 0 clueweb09-en0008-90-04512 0
125 0 clueweb09-en0008-91-01046 0
125 0 clueweb09-en0008-91-01047 0
125 0 clueweb09-en0009-03-33464 0
125 0 clueweb09-en0009-03-38284 0
125 0 clueweb09-en0009-15-13389 0
125 0 clueweb09-en0009-15-13392 0
125 0 clueweb09-en0009-15-13394 3
125 0 clueweb09-en0009-27-14098 0
125 0 clueweb09-en0009-74-12432 1
125 0 clueweb09-en0009-74-28263 0
125 0 clueweb09-en0009-83-12727 0
125 0 clueweb09-en0010-03-01116 0
125 0 clueweb09-en0010-03-30916 0
125 0 clueweb09-en0010-13-06518 0
125 0 clueweb09-en0010-17-02672 0
125 0 clueweb09-en0010-28-33329 0
125 0 clueweb09-en0010-34-21544 0
125 0 clueweb09-en0010-45-21565 0
125 0 clueweb09-en0010-48-26117 0
125 0 clueweb09-en0010-52-02996 0
125 0 clueweb09-en0010-69-19878 1
125 0 clueweb09-en0010-77-07124 0
125 0 clueweb09-en0010-80-02318 0
125 0 clueweb09-en0010-81-29123 0
125 0 clueweb09-en0011-00-30465 0
125 0 clueweb09-en0011-05-27819 0
125 0 clueweb09-en0011-14-30542 1
125 0 clueweb09-en0011-22-32231 0
125 0 clueweb09-en0011-31-19872 0
125 0 clueweb09-en0011-50-09220 0
125 0 clueweb09-en0011-94-15135 1
125 0 clueweb09-enwp00-00-02065 0
125 0 clueweb09-enwp00-07-02059 0
125 0 clueweb09-enwp00-10-04612 0
125 0 clueweb09-enwp00-21-17967 0
125 0 clueweb09-enwp00-22-18323 0
125 0 clueweb09-enwp00-24-18517 0
125 0 clueweb09-enwp00-27-18893 0
125 0 clueweb09-enwp00-28-21436 0
125 0 clueweb09-enwp00-33-18099 0
125 0 clueweb09-enwp00-41-14346 0
125 0 clueweb09-enwp00-43-14062 0
125 0 clueweb09-enwp00-49-15967 0
125 0 clueweb09-enwp00-55-14619 0
125 0 clueweb09-enwp00-56-14234 0
125 0 clueweb09-enwp00-58-14537 0
125 0 clueweb09-enwp00-64-05974 0
125 0 clueweb09-enwp00-67-06045 0
125 0 clueweb09-enwp00-74-16652 0
125 0 clueweb09-enwp00-80-19766 0
125 0 clueweb09-enwp00-88-19612 0
125 0 clueweb09-enwp00-92-20370 0
125 0 clueweb09-enwp00-96-21695 0
125 0 clueweb09-enwp00-97-19649 0
125 0 clueweb09-enwp01-12-20601 0
125 0 clueweb09-enwp01-22-00097 0
125 0 clueweb09-enwp01-22-12769 0
125 0 clueweb09-enwp01-26-13678 0
125 0 clueweb09-enwp01-30-00550 0
125 0 clueweb09-enwp01-31-12830 0
125 0 clueweb09-enwp01-43-13243 0
125 0 clueweb09-enwp01-46-17478 0
125 0 clueweb09-enwp01-47-09366 0
125 0 clueweb09-enwp01-56-13131 0
125 0 clueweb09-enwp01-61-04545 0
125 0 clueweb09-enwp01-63-12302 0
125 0 clueweb09-enwp01-66-07211 0
125 0 clueweb09-enwp01-67-23627 0
125 0 clueweb09-enwp01-73-10685 0
125 0 clueweb09-enwp01-75-05646 0
125 0 clueweb09-enwp01-75-05647 0
125 0 clueweb09-enwp01-87-03618 0
125 0 clueweb09-enwp01-89-09172 0
125 0 clueweb09-enwp02-04-13660 0
125 0 clueweb09-enwp02-12-02139 0
125 0 clueweb09-enwp02-18-01230 0
125 0 clueweb09-enwp02-20-19746 0
125 0 clueweb09-enwp02-23-20286 0
125 0 clueweb09-enwp03-08-10938 0
125 0 clueweb09-enwp03-10-11037 0
125 0 clueweb09-enwp03-14-13428 0
125 0 clueweb09-enwp03-23-13953 0
125 0 clueweb09-enwp03-29-12218 0
125 0 clueweb09-enwp03-29-13881 0
145 0 clueweb09-en0000-00-07898 1
145 0 clueweb09-en0000-00-15361 0
145 0 clueweb09-en0000-00-15372 0
145 0 clueweb09-en0000-00-15380 0
145 0 clueweb09-en0000-30-22362 0
145 0 clueweb09-en0000-83-03548 -2
145 0 clueweb09-en0000-93-05782 0
145 0 clueweb09-en0000-97-08939 1
145 0 clueweb09-en0001-00-19991 0
145 0 clueweb09-en0001-00-20061 2
145 0 clueweb09-en0001-06-31741 0
145 0 clueweb09-en0001-08-15881 2
145 0 clueweb09-en0001-13-31688 0
145 0 clueweb09-en0001-13-32119 0
145 0 clueweb09-en0001-21-26006 1
145 0 clueweb09-en0001-22-27376 1
145 0 clueweb09-en0001-25-01068 0
145 0 clueweb09-en0001-27-26590 0
145 0 clueweb09-en0001-37-29483 0
145 0 clueweb09-en0001-37-29506 0
145 0 clueweb09-en0001-37-29514 1
145 0 clueweb09-en0001-49-00739 1
145 0 clueweb09-en0001-54-03660 0
145 0 clueweb09-en0001-56-25139 0
145 0 clueweb09-en0001-81-13820 0
145 0 clueweb09-en0001-88-20151 0
145 0 clueweb09-en0001-90-18101 0
145 0 clueweb09-en0001-90-18127 0
145 0 clueweb09-en0001-90-18301 1
145 0 clueweb09-en0001-90-18514 0
145 0 clueweb09-en0001-90-18620 0
145 0 clueweb09-en0002-47-20341 0
145 0 clueweb09-en0002-86-09667 1
145 0 clueweb09-en0002-86-09709 1
145 0 clueweb09-en0002-86-09711 1
145 0 clueweb09-en0002-86-09849 1
145 0 clueweb09-en0002-86-09883 1
145 0 clueweb09-en0002-86-09981 2
145 0 clueweb09-en0002-86-10037 0
145 0 clueweb09-en0003-05-14190 0
145 0 clueweb09-en0003-09-12772 -2
145 0 clueweb09-en0003-30-12159 -2
145 0 clueweb09-en0003-36-25493 1
145 0 clueweb09-en0003-37-27837 0
145 0 clueweb09-en0003-37-27842 0
145 0 clueweb09-en0003-37-27843 0
145 0 clueweb09-en0003-37-27844 0
145 0 clueweb09-en0003-37-27845 0
145 0 clueweb09-en0003-37-27849 0
145 0 clueweb09-en0003-37-27874 0
145 0 clueweb09-en0003-37-27879 1
145 0 clueweb09-en0003-37-27885 0
145 0 clueweb09-en0003-37-27888 0
145 0 clueweb09-en0003-37-27892 1
145 0 clueweb09-en0003-37-27894 0
145 0 clueweb09-en0003-37-27898 1
145 0 clueweb09-en0003-53-19701 0
145 0 clueweb09-en0003-53-19702 0
145 0 clueweb09-en0003-53-19703 0
145 0 clueweb09-en0003-53-19704 0
145 0 clueweb09-en0003-53-19705 0
145 0 clueweb09-en0003-53-19706 0
145 0 clueweb09-en0003-67-03750 -2
145 0 clueweb09-en0003-91-02197 0
145 0 clueweb09-en0003-94-12137 0
145 0 clueweb09-en0004-04-13863 0
145 0 clueweb09-en0004-05-06012 0
145 0 clueweb09-en0004-05-32231 0
145 0 clueweb09-en0004-05-32270 0
145 0 clueweb09-en0004-05-32283 0
145 0 clueweb09-en0004-05-32296 0
145 0 clueweb09-en0004-05-32325 0
145 0 clueweb09-en0004-11-37602 0
145 0 clueweb09-en0004-18-01626 0
145 0 clueweb09-en0004-18-01627 0
145 0 clueweb09-en0004-18-01629 0
145 0 clueweb09-en0004-18-01630 0
145 0 clueweb09-en0004-18-01631 0
145 0 clueweb09-en0004-25-10880 1
145 0 clueweb09-en0004-25-10881 0
145 0 clueweb09-en0004-25-10882 0
145 0 clueweb09-en0004-25-10883 0
145 0 clueweb09-en0004-25-10884 0
145 0 clueweb09-en0004-27-04050 -2
145 0 clueweb09-en0004-31-10967 -2
145 0 clueweb09-en0004-41-04823 -2
145 0 clueweb09-en0004-41-07016 0
145 0 clueweb09-en0004-41-07032 0
145 0 clueweb09-en0004-43-01150 0
145 0 clueweb09-en0004-64-02139 1
145 0 clueweb09-en0004-64-14157 0
145 0 clueweb09-en0004-64-14161 0
145 0 clueweb09-en0004-64-14163 0
145 0 clueweb09-en0004-64-14165 0
145 0 clueweb09-en0004-64-14170 0
145 0 clueweb09-en0004-64-14174 0
145 0 clueweb09-en0004-64-14175 0
145 0 clueweb09-en0004-64-14178 0
145 0 clueweb09-en0004-64-14179 0
145 0 clueweb09-en0004-64-14183 0
145 0 clueweb09-en0004-64-14184 0
145 0 clueweb09-en0004-64-14185 0
145 0 clueweb09-en0004-64-14186 0
145 0 clueweb09-en0004-64-14187 0
145 0 clueweb09-en0004-69-10768 0
145 0 clueweb09-en0004-69-10769 0
145 0 clueweb09-en0004-85-01355 0
145 0 clueweb09-en0004-90-07818 -2
145 0 clueweb09-en0005-21-23530 0
145 0 clueweb09-en0005-27-38105 0
145 0 clueweb09-en0005-36-44740 0
145 0 clueweb09-en0005-37-28890 0
145 0 clueweb09-en0005-37-28898 0
145 0 clueweb09-en0005-39-22221 0
145 0 clueweb09-en0005-39-22222 1
145 0 clueweb09-en0005-43-19717 2
145 0 clueweb09-en0005-43-19721 1
145 0 clueweb09-en0005-43-19914 1
145 0 clueweb09-en0005-43-20160 0
145 0 clueweb09-en0005-43-20174 2
145 0 clueweb09-en0005-45-15009 0
145 0 clueweb09-en0005-45-15046 0
145 0 clueweb09-en0005-45-15313 0
145 0 clueweb09-en0005-49-08463 0
145 0 clueweb09-en0005-49-10486 1
145 0 clueweb09-en0005-51-25512 0
145 0 clueweb09-en0005-51-25583 0
145 0 clueweb09-en0005-68-39380 0
145 0 clueweb09-en0006-09-33300 0
145 0 clueweb09-en0006-17-33180 0
145 0 clueweb09-en0006-35-01399 0
145 0 clueweb09-en0006-47-13110 0
145 0 clueweb09-en0006-67-01178 0
145 0 clueweb09-en0007-11-04641 0
145 0 clueweb09-en0007-12-18621 0
145 0 clueweb09-en0007-16-24732 1
145 0 clueweb09-en0007-17-21202 1
145 0 clueweb09-en0007-21-03786 0
145 0 clueweb09-en0007-47-26298 0
145 0 clueweb09-en0007-48-34860 0
145 0 clueweb09-en0007-52-06683 0
145 0 clueweb09-en0007-52-06687 0
145 0 clueweb09-en0007-52-06689 0
145 0 clueweb09-en0007-65-11823 1
145 0 clueweb09-en0007-67-26343 0
145 0 clueweb09-en0007-67-26572 0
145 0 clueweb09-en0007-67-26755 0
145 0 clueweb09-en0007-82-01681 0
145 0 clueweb09-en0008-03-24770 0
145 0 clueweb09-en0008-11-08175 1
145 0 clueweb09-en0008-15-06629 0
145 0 clueweb09-en0008-16-01578 0
145 0 clueweb09-en0008-28-00806 1
145 0 clueweb09-en0008-46-34790 0
145 0 clueweb09-en0008-47-15145 0
145 0 clueweb09-en0008-56-41185 0
145 0 clueweb09-en0008-56-41205 0
145 0 clueweb09-en0008-63-21030 0
145 0 clueweb09-en0008-63-31417 0
145 0 clueweb09-en0008-63-31419 0
145 0 clueweb09-en0008-63-31420 0
145 0 clueweb09-en0008-80-36841 0
145 0 clueweb09-en0008-83-17426 0
145 0 clueweb09-en0008-83-17427 0
145 0 clueweb09-en0008-83-17465 0
145 0 clueweb09-en0008-85-28810 0
145 0 clueweb09-en0008-94-06185 0
145 0 clueweb09-en0008-97-13085 0
145 0 clueweb09-en0009-04-32939 1
145 0 clueweb09-en0009-08-27422 0
145 0 clueweb09-en0009-13-23850 0
145 0 clueweb09-en0009-13-39041 0
145 0 clueweb09-en0009-22-01091 0
145 0 clueweb09-en0009-23-06956 1
145 0 clueweb09-en0009-27-01242 1
145 0 clueweb09-en0009-29-16760 0
145 0 clueweb09-en0009-36-37267 0
145 0 clueweb09-en0009-44-02495 0
145 0 clueweb09-en0009-67-22080 0
145 0 clueweb09-en0009-77-11725 0
145 0 clueweb09-en0009-80-06858 0
145 0 clueweb09-en0009-81-07112 1
145 0 clueweb09-en0009-85-43409 0
145 0 clueweb09-en0009-90-29823 0
145 0 clueweb09-en0009-93-23783 0
145 0 clueweb09-en0009-95-07004 0
145 0 clueweb09-en0010-02-28370 0
145 0 clueweb09-en0010-25-20553 0
145 0 clueweb09-en0010-25-20574 0
145 0 clueweb09-en0010-25-20626 0
145 0 clueweb09-en0010-26-01300 0
145 0 clueweb09-en0010-32-25607 0
145 0 clueweb09-en0010-41-37295 0
145 0 clueweb09-en0010-79-19518 1
145 0 clueweb09-en0010-93-25891 0
145 0 clueweb09-en0011-08-15083 0
145 0 clueweb09-en0011-12-11528 0
145 0 clueweb09-en0011-12-11560 1
145 0 clueweb09-en0011-12-11561 1
145 0 clueweb09-en0011-16-25568 0
145 0 clueweb09-en0011-26-30640 0
145 0 clueweb09-en0011-30-37792 1
145 0 clueweb09-en0011-42-31340 1
145 0 clueweb09-en0011-42-31716 1
145 0 clueweb09-en0011-59-29280 0
145 0 clueweb09-en0011-68-04923 0
145 0 clueweb09-en0011-68-04924 0
145 0 clueweb09-en0011-93-00324 0
145 0 clueweb09-en0011-96-15853 0
145 0 clueweb09-enwp00-01-18843 0
145 0 clueweb09-enwp00-04-18929 0
145 0 clueweb09-enwp00-09-18744 0
145 0 clueweb09-enwp00-16-18798 0
145 0 clueweb09-enwp00-18-18596 0
145 0 clueweb09-enwp00-18-18597 0
145 0 clueweb09-enwp00-21-16911 0
145 0 clueweb09-enwp00-21-20845 0
145 0 clueweb09-enwp00-25-21995 0
145 0 clueweb09-enwp00-42-15088 0
145 0 clueweb09-enwp00-42-21220 0
145 0 clueweb09-enwp00-43-19025 0
145 0 clueweb09-enwp00-51-12753 0
145 0 clueweb09-enwp00-55-14924 0
145 0 clueweb09-enwp00-66-12605 0
145 0 clueweb09-enwp00-69-16232 0
145 0 clueweb09-enwp00-70-07854 0
145 0 clueweb09-enwp00-76-21917 0
145 0 clueweb09-enwp00-79-06914 0
145 0 clueweb09-enwp00-82-16463 0
145 0 clueweb09-enwp00-83-04970 0
145 0 clueweb09-enwp00-92-12516 0
145 0 clueweb09-enwp00-92-14917 0
145 0 clueweb09-enwp00-97-05308 0
145 0 clueweb09-enwp00-97-06719 0
145 0 clueweb09-enwp00-97-11010 0
145 0 clueweb09-enwp00-99-05404 0
145 0 clueweb09-enwp01-06-24973 0
145 0 clueweb09-enwp01-08-24757 0
145 0 clueweb09-enwp01-22-12230 0
145 0 clueweb09-enwp01-49-23366 0
145 0 clueweb09-enwp01-53-04943 0
145 0 clueweb09-enwp01-61-03986 0
145 0 clueweb09-enwp01-64-01230 0
145 0 clueweb09-enwp01-71-04191 0
145 0 clueweb09-enwp01-75-05097 0
145 0 clueweb09-enwp01-75-14289 0
145 0 clueweb09-enwp01-76-13822 0
145 0 clueweb09-enwp01-80-22873 0
145 0 clueweb09-enwp01-81-04476 0
145 0 clueweb09-enwp01-83-20383 0
145 0 clueweb09-enwp01-92-00100 1
145 0 clueweb09-enwp01-97-15975 0
145 0 clueweb09-enwp02-11-02562 0
145 0 clueweb09-enwp02-20-16239 0
145 0 clueweb09-enwp02-23-12631 0
145 0 clueweb09-enwp02-29-05456 0
145 0 clueweb09-enwp03-06-09734 0
145 0 clueweb09-enwp03-11-20049 0
145 0 clueweb09-enwp03-12-09632 1
145 0 clueweb09-enwp03-21-10978 0
145 0 clueweb09-enwp03-22-15447 0
145 0 clueweb09-enwp03-23-00038 0
145 0 clueweb09-enwp03-23-15159 0
145 0 clueweb09-enwp03-25-02881 0
145 0 clueweb09-enwp03-25-10861 0
145 0 clueweb09-enwp03-28-15622 0
145 0 clueweb09-enwp03-32-03906 0
145 0 clueweb09-enwp03-33-21386 0
145 0 clueweb09-enwp03-35-14840 0
145 0 clueweb09-enwp03-36-01635 -2
